-0.07175252690806602
-0.7648567749997668
-0.25595992163962933
0.36932285755912614
-0.28256110827340486
0.1919842987966952
0.21846548291477227
-1.514102725069797
-1.0113449765409979
-0.3604753217487025
-0.48157132101825895
-0.8546467500132531
-0.7009400343138823
-1.1455822439365966
-0.6189223362824234
-0.16168703907134405
0.19741436671672535
-1.0104293492160061
-0.1309318148611831
-0.7424774466025043
-1.0709466835510406
-1.1100013819367096
-1.306386742039742
-0.7172515888653688
0.04993311923539989
-0.8156789200036568
-0.6272146184399614
0.10884785451087006
0.9336276981713536
0.3862247180679531
0.18624681804262083
0.5709057234806519
0.47268897087639705
0.5149475374513376
0.07631538953405553
-0.7698159125109602
-0.018789626032291895
-0.07896208394123858
-0.21530456640778045
-0.4035660974974412
-0.6525514206949612
-0.18721167094562854
0.18791407359657364
-0.6252929799487592
-0.5248630598614876
0.6957990751972842
0.6545000616634291
-0.14159381033747667
0.04019406665628957
0.19143726034318462
-0.4509490638052025
-0.40333633110731437
-0.6136658773861434
-1.1549745511200256
-1.1628385046537535
-1.0437904683156813
-0.44835427701023345
-1.0275641642963715
-0.13083119807162125
0.00001722385332660753
-0.05735708475892312
0.683953622435528
0.40583617788735876
0.08288145729407148
-0.1598883367617153
0.029581874434881982
-0.23263967966317256
0.3292440595542627
0.009858932630179396
-0.6581530718950553
-0.16469498030264207
-0.43128077249205826
0.026805116203299895
0.5910043000423704
0.4857689223405351
0.5359618053605194
0.7262491758136898
0.4888001122216603
-0.2510026358274934
-0.12622825782018987
0.34199674441390315
-0.07237863410397086
0.3748235504298862
-0.5415421617445295
-1.1509026276600296
-1.2772193403422247
-1.1686335182379146
-1.3694387085342168
-0.8267092684400044
-0.2849670871297041
-0.5658163389979989
0.014609788534568902
-0.6847595623809212
-0.9147773157373268
-0.5610151224599282
0.06656102738055342
-0.4951433306049064
-0.6463444902531577
-0.9326397795449706
-0.1806122707261995
0.4694163272373231
-0.09486114684185562
-0.19566551535681026
0.5854406171955905
0.057590026180552645
-0.2885993966783071
0.6116059903880479
1.0277830625207711
-0.2880991518554168
-0.17613331765192136
0.3058487564420666
0.36255617852075295
-0.21730086211034194
0.23457158425716934
-0.8696349186670898
0.48883396031428306
0.3213899829958206
-0.20484791654171497
-0.28531424041829656
0.34999848334865263
0.3940664507947076
-0.35541598034531224
-0.95173217743699
-0.354854536482451
-1.1607785301178415
-0.636057957738022
-0.42672398910476234
-0.7025156017627323
-1.1871856703734012
-0.8718230797113113
0.5745941630138496
-0.4555822017910848
-0.32585511338197515
0.03380853410686511
0.47032853705187105
0.34432812177255684
0.49814895336924725
0.045448197152271275
-0.18602996057932258
0.4207441188435108
0.6808089108245183
0.49167455315814984
1.337940454411401
0.6268268251716549
0.5919499371119521
0.8387207498503657
0.70984425321938
-0.1137437745052064
0.8162625217907902
0.432249939626141
-0.8787193189283203
-1.2355707372482376
-0.3588428273069521
0.0006339147747234652
0.2975658067115278
-0.017774055551946846
-0.6046283865701523
-0.24440248233415224
-0.504689095153411
0.3527837172980886
-0.049323085376380194
-0.04395188054831531
0.5102883266660578
1.0555136084244767
0.7566100479576028
0.26281014320973434
0.16903485954817848
0.04531336184013199
0.16867733470638333
0.7066796114643635
0.9694538945566793
-0.23231053387119366
-0.12813311256129267
-0.4074402417992158
0.4985234859798883
0.6892605271718895
-0.23699114240118113
0.0020097871014348595
0.6162180026187385
0.30228866334734056
0.2405054357881446
0.6914269602374873
0.26235705399413434
0.6678305014721093
0.2632328080371653
0.2331076267890776
-0.8535726443905601
0.2550744217737965
0.40941109930311215
-0.9099458018123681
-0.7527448260735856
-0.5093357509643432
-0.4234615637794098
-0.3012592007923351
-1.2603700858587783
0.041425478299094376
-0.04407248673312909
-0.053313744124040385
-0.08503243638018712
-0.2981631051532697
-1.0547869924405264
-0.3027915849695652
-0.4044168658887549
-0.2728430026809955
0.10763440758423495
0.6638826520050939
0.5071323764054234
-0.5349826315133656
-0.5922340071182269
-0.04919323524980082
-1.0285869213183942
-0.504624139860397
-0.4346766944138252
-0.18674080893509476
-0.4418270093017198
-0.6406319046771674
-0.4072850478102798
-1.041723162625254
-0.9077543030090643
-0.018650839263333496
-0.12127746885905698
0.3439212072296237
0.26456381154267417
0.0021741184542934736
0.9607556222039855
0.9196588824090053
0.38206037646687047
-0.1954292134260473
-0.4018894054100266
-0.15300666831909462
0.8317435647684557
0.0991003298271324
0.1578673745075627
0.6985455920682097
0.38981045036257167
-0.3917149628505171
-0.45786451251914073
0.2993922637490463
-0.5683302964316164
0.6304571283893297
-0.4914226783119551
-0.8584508525130308
-0.16933133325976527
0.11134233118514227
-0.02571265143659282
-1.1968444301899397
-0.39903144208121766
-0.6949106115411653
-1.0229333505451275
-1.1338880276577854
-1.9560807438466252
-0.6836308589080602
0.07342633750982092
0.11723630149653019
0.15248109079344657
-0.5900512552706634
-0.06527057616107368
-0.09069097759224058
0.5221579084457959
-0.03664409624431808
-0.665314850697982
-0.1781343751025476
0.01739266512823258
-0.04730201654963272
0.1662320925545182
-0.07540133680954064
-1.4357570437078455
-0.8853925985405184
-0.21539206075364573
-1.1162519525559296
-0.7981628569018756
-0.8465144660896552
-0.6931693645034269
-0.94527382334344
-0.8141979254552956
-0.42450098944357706
-0.15071971313528987
-0.04482196931873017
0.1447406981779339
0.2461587014287743
0.22999925494729934
-0.056497627539857764
-0.3257907581416586
-0.04971421269792335
0.1922711602479271
-0.3167913618584132
-0.34248664159289116
0.27363048839799914
-0.5123397494114199
-1.351786923904679
-0.13895975038879743
-0.41831816140786315
0.3165931766007385
0.5846210772290363
1.3066146310771982
0.31294637768554756
0.802188206236687
0.4922892102083309
-0.17888116701777357
-0.00017256283928515637
0.05893822056545357
0.04380167867420787
1.0282705575398374
-0.3879122570976343
0.16010346123886626
0.5067831790474452
0.2598579692398231
-0.001543205987798807
0.02603100800493824
0.6665692473445487
0.10851187188849304
-1.149198995952839
-1.4454118569907577
-0.1775037716442731
-0.5971034986368463
-0.6911429209470312
-0.8612874595664393
0.48510872739977595
0.6697253654782194
-0.3418371012508033
0.6623645375795626
-0.16326241095264038
-0.1838723599073791
-0.7059860362572132
-0.1579598234414009
0.055588835273435486
-0.25771094212275547
-0.6309230586807474
0.2305672400433394
-0.8813613470846224
-0.7663448966958779
-0.7329358825881487
-1.0713599374371359
-0.32549627585839924
0.24372628807758548
0.05509012304033753
0.21684340362396437
-0.05179336988225172
0.6575511717689793
0.2680101608603501
-0.48165068266646527
0.33776239334521097
0.09059549974472403
0.22886450459936794
-0.04745439993797093
-0.17596333097333122
1.3176514708200133
1.252809661455285
0.3948109905026577
0.7144007417405736
0.8719642868194493
-0.3684763928528718
-0.13075978026679277
-0.22461680436404252
0.3915423318060887
-0.2485944534956222
-0.044543879006559484
0.3869172794328367
0.20747465048744793
-0.8093689153471233
0.3609350417102549
0.30220840946701777
-0.22150976936347405
0.1696355531550429
-0.7621583762014088
0.0754759431391917
-0.007953774694458376
0.19723863048460835
-0.25537428603581913
0.4115888793813793
0.3267423018741573
0.4744125752277436
-0.25447972348664727
1.2547628997996476
0.07764931197317948
-0.47406289664338874
0.1812827985622414
0.302521165916256
-0.29846704824407916
0.22835242008245316
0.5278492418173077
0.054424445517664094
-0.44870368209143247
0.6075709101678944
-0.2995812181360709
-0.7180824224036898
0.4150167914197387
0.6421205220352935
-0.13052975329994454
-0.7939801086052826
-0.910417765542097
-0.138113446957204
0.018500569031663555
-0.11529084874813328
0.21765129684177797
0.3487776105469256
0.5812427975157584
0.7012440699324212
0.5895679875316172
0.12348258124039554
0.5885190917736652
0.11268877823796225
0.18385042070724442
0.3782253044899765
0.698181095414016
0.4193354032111721
0.7401581171972906
0.057363525836877094
-0.6721078963244955
-0.322448607147455
-0.2764323937918136
-1.252512512337874
-0.9997123170479006
-0.9317588610811954
-1.3250260541731755
-0.4743831085946896
-0.06695792996289426
0.6664732792276954
0.3430166075347478
-0.4277910201885996
-0.5889828701526443
-0.5950099999416079
-0.3790253832049574
-1.1669154092724479
-0.6963903220195417
-0.017062390317543752
-0.7566856790899688
0.1207702044477118
0.2605855577133557
0.4570690229961959
-0.06818474012478673
-0.4956957759834182
0.23965504606218704
-0.025229100088626416
-0.8524215568764912
-0.08299639609847226
0.22180083801170228
0.6958017497774978
0.42857372137911787
-1.027128560616568
-0.8379117004683669
-0.513692336468233
-0.16981248790484443
-0.046960377503629136
-0.24145871114928216
-0.016173671750637136
0.8939149232295523
0.7264641055937668
0.29713193009878514
0.3102539638460735
-0.2529451540455344
0.4735866049060039
1.111536300810422
0.3899489721765604
0.7954449572750857
1.330416638816685
0.46358423866173915
0.49247586670540333
1.5367682870671482
0.9346516171518258
0.6056873985745078
1.4361822082424691
1.143238699678107
0.6296843515822955
0.018163313786843327
-0.4864763111868352
0.03853579120990336
0.2610188639419553
0.7132420263663852
0.9954358515461372
1.0257035701969153
0.8623927254654555
-0.16877619444924974
-0.5408964566106222
0.24258677723519628
0.4231165619563714
-0.0055624892094140455
0.07186156530839498
0.18152465651905453
-0.6494754087045547
0.11663112093354944
-0.1953521094945413
-1.1781171621626252
-0.7619164405545926
-0.14503731385933982
-0.5933245026607366
-0.24230211419143638
-0.6296712153067388
-0.4031710288076813
-0.45236779126592336
0.16269853452835104
0.27783484330434827
-0.857279962134601
-0.4038218651939382
0.1386010061207644
-1.0976259599236693
0.037099164569223686
0.251937555358281
0.8192187957320792
-0.4592950939484368
-0.8432882901082237
