-0.5787553531482816
-0.38219122725800997
0.27631585285156746
1.1298186269386041
0.4021047762411921
-0.1926002928738153
-1.2990810664288694
-0.22693507987572648
0.06557067202545046
1.1447254178376975
0.2657495209408561
-0.15300689978279675
0.28451007697617126
1.2958279207585046
0.7551264263458906
0.17583062157449375
-0.27398152206256715
0.09027794747699672
-0.25081560240745326
-1.2618786220549807
-0.5715200350496656
0.20559132148114329
1.2517620415646733
1.0711932207074293
0.8008373427362688
1.6823282071565342
1.7937138322104493
0.6432675635516785
-0.1529179823675506
-1.353725628544686
-0.6422749135887771
-0.3572872848933548
0.7034242399149787
0.8360577261939616
0.7844944396475829
0.8105934635288008
1.0284500630430498
0.9525860894131214
0.6182506050026635
-0.006061900586183
0.0010668006888131104
0.32845363543596057
0.5544100147892173
0.2662179322794307
0.4424690277570786
0.896581991983937
0.11689780350988732
0.3231665743538852
0.9748368968663503
2.094927340412161
0.6572300564501584
-0.5829945989040349
-1.8705501786603405
-1.6223607593210971
-0.9171398423855993
0.15170776342837688
0.3217753842891724
0.36214978538270515
-1.067994710463449
-0.13066038395183688
-0.8180428663245547
0.38827892526604335
0.6863309412041452
0.574589881680792
-0.22158841388292136
-0.7776381780641854
-0.47534943333610796
-0.9215355533359152
-0.27428420149492694
0.08948590180596311
-0.3094967091506106
-0.9273491294858931
-1.6682952264128033
-0.273567138665067
1.0364726836618043
1.3690685801890177
0.5038034524061636
-0.12517044320457346
0.27566268332211463
-0.09781940592245425
-0.022382380515421206
-0.03953465117540744
-0.08896751684141044
-0.03626563730946056
-0.773020529856781
-0.6940128036325364
-0.1868876337255121
0.34880211337256306
0.01277108699223728
0.7133680780753496
0.5207332048860633
0.3479467207314104
-0.8018162139025589
-0.5904687976427312
-0.5273419775682044
-0.1722007762613583
0.4657432669525832
0.4207603201391443
1.3208343031833363
0.5115851879317914
-0.3012036511354721
-0.4768292450322342
-0.8004816311271525
-0.2427732174403303
-0.6721542287708547
-0.6448941567400748
-0.7299529937107471
-0.05275033257581002
0.03682809464222998
0.6250687961846074
-0.5732522095328915
0.16885735650552164
-0.3032498390404309
0.5222344331374754
0.2649452720486811
0.3891187893358333
-0.1189120271362418
-0.37581890919531513
-0.4281405690731992
-0.7172968660854594
-0.5724261519043327
-0.15472907605867334
0.14840149628427277
-0.32193444630195894
-0.9388252963899477
-0.7317711500244801
-0.3639852917573636
-0.029893823851286423
-0.9744071757449125
-1.4251123952785756
-1.469758748782384
-0.7038088267858249
0.05895332850327503
0.013195285344432761
-0.06513417652972513
0.1145430108235912
0.23901841655034534
0.6370610636899656
-0.2247649621301273
-0.49612570963414543
-0.14171400792173333
0.14848063437139816
-0.120712182428342
-0.3265695704088343
-0.9339911758600983
-0.6774206661133038
-0.47323672219973606
0.5966259809227492
0.45653989246387927
1.1734545130573708
1.2781354391158979
1.4154138896280828
0.7034733050243589
0.7834472983584719
0.5889508795401741
-0.04142420476739217
-0.35269391501200625
-0.1052024981230876
0.8635808071715682
-0.08238105457624045
-0.33456891886698525
-0.8938635282330731
-0.12105619161892203
0.4472223469190547
0.28056527488524213
-0.29360788300793295
-0.48606109672453535
-0.5783143070989446
-0.042571898055527635
-1.0586137490490861
-0.9259693506551238
-0.2648152254244106
-0.08047000995748554
0.13331605837070365
-0.7789509825428843
-1.1175315579763168
-0.675729065372933
-0.43096226874727617
0.902305588201624
0.9204720585826013
0.12004856287561805
0.30650377593354083
-0.19666195603471853
-1.0727355863650265
-1.7128052059615846
-0.9039290464141696
-0.5543875789185561
0.3280344635945036
-0.04357574954600971
1.1889909706073205
0.09517754949174306
-0.14321994214840245
0.19091184207928813
1.2247889710484836
0.34428664172235934
0.49563204210001754
0.4144880489113947
1.1709279110091604
0.33404166620421966
0.35220817753202066
0.19064881881191528
0.08340340092546397
-0.04779139991237158
-0.5587222001145333
-1.0453255459433235
-0.6731918171746103
-0.05216763384248255
0.6018419844850929
0.08371443333163259
0.5182594749616081
0.044994704157646725
0.01471822444297291
1.0015783893523382
1.2123866840411164
0.8464801294976645
-0.11139844745446982
-0.5422294461134793
-0.2661273604421275
-0.34490063262780524
-0.7691505181421003
-0.582963663316622
-0.594606349655034
-0.878632441345111
-1.6381682626557859
-1.001403906650461
-0.2886095630733819
0.496834428784061
-0.2678865870927353
-0.427108217485735
-0.8216172073534395
-0.1703505526706045
0.6433256591576161
0.40493328880319884
0.85667296692004
0.08704389518669509
0.3212934477539953
-0.13976195716613699
0.3134153061985474
-0.4107209546348104
-0.853139321371826
-1.0888155311743368
-0.0494783161168989
0.29864346150053306
-0.23631877115607092
0.0556149652272005
-0.19514056425999346
0.1770187310188169
0.8153625475776066
1.6135410038427214
0.763054460478515
0.3543841579657374
-0.8974849229706777
-0.6300763102980933
-0.2742279453296976
-0.5431054870290015
-0.43347778995527514
-0.4358964194693608
-0.21549499195310742
-0.12030157287761964
-0.6755476968049151
0.0495376059033385
0.8421312677492299
0.28910884953004523
-0.031537464458607375
-0.2554571827761463
0.5446080596526715
-0.2864129990052615
0.7570966428387466
0.04909614000688706
0.44511921693797696
0.2673340760464707
-0.49387997897521485
-1.1618966745185149
-0.6811340957603308
0.3588438521555677
0.170858216693122
-0.3088529887451378
-1.6045967559506222
-0.5066311540210101
0.022085881252415118
-0.07007404631780556
-0.8086159169620513
-0.5003425089041164
0.19210604876489135
0.656870921066578
-0.5608039663433891
-1.4569616186634509
-0.5448687015233811
0.5854873629133988
0.14397343751074143
-0.2361410883910125
0.12657465909955917
0.41829475014715806
0.5736492123906378
0.21694509238437426
0.7573377831848321
-0.248437082546415
0.3216758933819371
-0.8528008377369536
-0.2168240784041111
-0.5064392837194114
0.9515325973022254
1.2032435946259132
1.071558664011895
0.9790573790948971
0.2658286064088566
0.5236135577730969
0.07262467774641537
0.1538639676810258
-0.2936383500731582
-0.19844033572114342
0.18871107157447342
0.4853632231129956
0.9817679584152337
0.6664420135149137
0.6687447413605689
-0.14246139119965684
-0.7885634386796837
-0.19541657197421103
0.19270517673203666
0.24701223236961908
-0.46958984019941596
-1.0548530209017608
-1.3459392399671795
0.2371829490216082
0.5007714104751031
0.5207099577594942
0.15333477755688563
0.03517925196117261
0.43304761232119077
-0.05128529346493663
0.6652801478065219
0.7825807165683256
0.4830021840524422
0.559883860258102
0.14361623985876007
0.2656181922812904
-0.27639746306376756
-0.8155684938992052
-0.03791667316946212
1.1170886253123185
1.413640855940805
-0.1227505409267069
0.09275921419527011
-0.41642200924647726
-0.05905314783354296
0.19859252490817303
-0.3507217595212339
-0.4390699786706285
-1.2523309190884158
-1.1111783507885575
-1.5136317888321278
-0.9640314492704728
0.7151546524115922
0.15663637208898618
-0.10595319529403172
-0.6241383452726508
0.9717897470703197
0.9660158160899023
0.7773745757700943
0.041852038337067896
-0.17994300593778995
-0.3724763330167653
-0.35637185592546095
-0.8125445607352335
-0.12226220093115064
-0.17408306178714936
0.2827965747587755
-0.5939105103332138
-0.958198054581283
-1.608814160010351
-0.7351881734469056
-1.000712997331707
-0.4126271413830676
-1.479046913131564
-0.28601873471382033
-0.8151346872212553
-0.12583210656480645
-0.20357102022809492
-0.3433137025555062
-0.4739819841367132
0.26377825330963045
0.30826056189240125
-0.9688895250771243
-1.5786792062988173
-0.9150588075182284
-0.29433254323394237
-0.3193910197347454
-0.6331432268511796
-0.42402375831045774
-0.698755215184879
-1.0920325832696547
-0.05914945611312483
0.7614340888802014
1.1268515621786601
0.6449717141220123
-0.09723754155624065
1.0934945509150886
1.866119923003737
1.4609816926486663
0.6856213223002172
0.22547826223138662
0.5956167667442775
-0.2321437929508009
0.2781658075364919
-0.07214788944606501
-0.0890998874795435
-1.68406959638942
-0.7153122920740096
0.06581443769911927
0.4051006371835187
-0.15348162313020855
-0.3607074166550983
-0.1377690989803548
0.10982763915685388
0.738130780062474
0.038244230020564096
0.03678728051930344
-0.003270841999215457
0.5918291494537131
0.4096888429918084
-0.9477655346852552
-0.49319442150810255
0.3360326885344348
0.017830474335921442
0.29580592115627274
-0.6186797725808497
0.04341191490281979
0.49751163037073765
1.022674857770477
1.2945658253125933
1.144324916687753
0.27183769749423115
-0.296740850872743
-0.4194149629481105
-0.5536607067290973
-0.5243775246487091
-0.5355458834406097
-0.5386486174915215
-0.8787489537836501
-0.7245757869091838
-0.12214608683271144
-0.5505463408781653
-1.1868034285187892
-0.668293665331708
0.03116030312359583
-0.08741674526817456
0.03301429955638002
-1.0657084567101913
-0.6419136524971152
-0.08227014517863873
0.28693202858507993
0.3252081717216318
-0.010425805671560224
0.36973933625745325
0.7078362970572929
0.9955807260826333
1.1873940281581392
0.405346902017073
0.38427982049378384
-0.13315713495642958
-0.15599649986770125
0.12234627828393585
0.6008477342111083
1.154700342251548
0.8167053262808728
0.17854300428480419
0.026169053123382302
0.5616818206175933
1.3343549075550998
1.308091638562841
0.17717959870978017
-0.08202491298910408
0.10617803028353631
0.3920724114397582
0.11597250041255489
0.11713957773870197
-0.022356328333293693
-0.8659651133344064
-0.5120370559788925
-0.9415068972522942
-0.23241773143333938
0.15746605838683875
-0.31589191100007524
0.42996873479040915
0.048519893810989576
0.1816975356708828
-0.043208837968746944
0.8315801920932347
0.7270685985034336
0.29754965268023403
-1.4573632475984923
-1.6508705923317557
-0.47946502582104966
0.5733257149413856
0.5124041119541243
0.1868450522770354
0.39855524831039013
0.260755850062899
0.08825917270734662
0.4851986511307206
0.33485597130483424
0.44832342483339094
0.10886892397132779
-1.0616933002767328
-0.5725846590454048
-0.7486169445738384
-0.7644242345130277
-0.25211975147766186
0.2583402938806406
0.823777057814171
0.5429200914676289
-0.3921601719238528
-1.4402374050452562
-2.586009503435866
-2.3214045881680554
-0.9173246762593289
-0.3851448572793996
-0.462023133417823
-1.7594688578798814
-0.19659881967311965
-0.6267688197188345
0.8539191168450496
0.7570892310653528
1.1688359560201493
2.055576200618958
1.2935447302301695
0.22397520126923898
-0.2948929441952755
-0.3096230204131317
0.046897844802951394
-0.6209249727507168
0.6444956879767353
-0.41102718757345125
0.6294848174568338
-0.16440582773768517
-0.21208298698020694
-0.6433994867391616
-0.7562327610345638
-0.3905156642447309
-0.8375719227542806
-0.5015552891943075
-0.4571090525351717
0.06150284575904248
-0.03832943605861282
0.11069457583976033
0.6396135286477583
1.1044230208341599
0.21469892925249845
0.00549386008186592
-0.061278323551051866
0.0643600677702243
-0.21929722386296185
-0.1582159208579754
-0.17952057799056143
-0.3650385343525146
-0.4130299228917271
0.454350102481087
-0.5143423785603571
-0.7826620923987337
-0.5003674228740256
0.337975820465987
0.09663732998023028
-0.7347795102247896
-0.913180938337204
-0.7584703958720753
-1.6784340737714456
-0.8793729162842943
-0.6183076036331021
-0.5222374661517886
0.5613033365431767
1.0837588423675126
1.1941864559726598
0.3495186292118964
0.3052648442334626
0.3424739647507924
0.4769295021679216
-0.2011936380529012
-1.2095948228254216
-1.570002182781713
-1.6692886984034767
-0.8029404492803516
-0.6119208704357934
-0.33319703972123643
-0.38556945040101587
1.0119564908452583
0.9439227772105379
1.2194362501738423
0.5019309593084266
0.19669937264820564
-0.01367200957410461
0.2431127214749476
0.1101245913809219
-0.002961924395520295
-0.25952575819663737
-0.05712593765641831
0.8985890002501339
2.3382137589623495
1.750838708122078
1.0439283180175907
-0.3060033649486933
-0.2071064483551744
-0.06769438839534597
-0.6489392770561251
-0.3362897865770652
-0.6966128806353501
0.07984650187225459
-0.307308317929328
0.07377356004463381
-0.017511334299041184
0.32888216905678114
0.3795803478078386
0.38660898050915216
0.027642301364577126
0.4476346775274822
0.6130309307286341
0.4142978329694792
-0.9411253026445776
-1.162705928332647
-0.3539996924217929
0.35247462834187804
0.14853553700209274
0.14319213875858744
0.021572471928941593
-0.4690041218682601
-0.5160248635165868
0.29206299692756427
1.5072306033989784
0.9143015408657287
0.027978089549260676
-0.7750517316463083
0.29353773287874796
0.4737862149189766
1.0522549005203934
0.3079487384823972
0.2608994405660045
-0.5063588453562039
-0.3393177571066172
0.49332743875227153
-0.08130346064694671
-0.6695570757472742
-2.1384586019998424
-0.7962073060402813
0.12569736485394667
1.1020233799135388
1.0079374202413132
0.49025427990870935
-0.2555488400752952
-0.442553218966997
-0.28069803524523196
0.018941147039127228
0.3965486383784537
0.20998787294878196
0.08195187190831582
0.7781144741249799
0.7269212055822772
1.3984548575403306
-0.0887798600087687
-0.7477254875668501
-0.7675709900142934
-0.18931104485969066
-0.04719193052627613
-0.4679057339141698
-0.7248554110683648
-0.826048963708785
-0.4061687319878061
-0.4101783936590304
-0.27214112468064827
0.49557359511391547
0.23801084714148874
0.4053528339103837
-0.5404214890813315
-1.5042208769954062
-1.7796200305144891
-1.2515883986470593
-0.13701063338802166
0.31841278542583284
0.40058668778307127
0.18757368746751005
1.2393350635783353
0.7532369704908682
0.003560802493860482
-0.1506385863551697
0.31262621484644226
-0.08012092855160186
-0.5750498194026039
-0.9155172702508503
-1.0139056507358857
-0.5830689853218354
-0.6249768883172362
-0.8514820036481587
-0.5725873858845059
-0.9219956077288902
0.23237689863938255
0.11603308056379084
-0.09645458741271318
-0.08160947268141511
-0.2725764542362215
0.5166271105162042
0.43077537702248836
0.3221609275768358
-0.35553326640938937
-0.338261987096934
0.0003318522447450789
0.9642950213532082
1.2448283620262783
0.9174038396401525
0.45907784332647306
0.15415708789735702
0.07004895127835427
0.5112769532926312
-0.20372052065938528
0.14302102471152495
-0.2926589544946743
0.4321492378539287
-0.15179352200134855
-0.23854449666611013
-0.44214204967327736
0.03313695994582466
0.36678212165649116
-0.28817888400355096
0.4681396815941707
1.02958352276718
1.4735764150939445
0.8271204104980698
-0.04529275256035087
0.14263738191929864
-0.20384171866872483
0.9296594056680811
0.4088886301892937
0.4493364906707178
-0.10542756918015071
0.42966611825086815
0.2027246324137682
-0.5563278145939657
-1.0096917206748077
-1.942785678712715
-0.45626008681796937
0.041010681782790354
0.8471386397980214
-0.44301633607624996
0.1717956799648705
0.8096887338580618
1.4122806631040146
0.9172968467014762
0.3439758543879556
-0.0474708466372836
0.024704409578935244
-0.04709410480236327
-0.024563565812863612
0.11012778654115266
0.7784413354777018
0.5518206020777175
-0.5736406209517172
-1.1485968329707479
-0.0437201468088414
1.1115210020356943
1.735980509157998
2.2824952085083012
0.6633956506327734
0.40771301994035564
0.6227612358667054
1.8545485106402817
1.6749716147079607
1.809083640833057
0.7570591265848687
0.39169379907810037
-0.1627206731497037
0.4435605495669303
0.8598131171231894
0.8781381615589674
-0.02895220276142252
-0.045392085764166895
-0.04668865853599079
0.4936792926239073
0.11580008368099173
-0.4315578985626558
-0.6937820328770108
-0.530999502836696
-0.012636711793455102
0.24350114343647988
-0.4236979141718845
-0.3160295430724685
-0.5517435039254082
0.26500826739562333
0.19924821080078473
0.43711230628710307
0.5197044346881642
1.1933745424409778
-0.13323951503479348
1.5875985069973462
0.8020891007681338
0.6018294595816878
-0.5833256886427727
-0.7328363345226339
-0.885931070026623
-1.0317653786465653
-0.8665452173687638
0.29606466896627714
-0.1541381658890129
-0.8987127816495035
-0.9820757466200478
-0.585209750161615
0.29091877376747777
0.9154212886762226
2.214152552114588
1.9306999403048561
2.626958335504444
1.0268396832493103
0.9425450262828037
-0.39620292666801354
-0.09041337476782646
-0.06316936715553723
-0.42959402628045273
-0.2212453467554903
0.17964489799298286
0.2220380645102887
0.003828879662757148
-0.33638624550381624
-0.27416869341051153
-0.8008248376193856
-0.9845221584203162
-0.7692490884977727
-0.17382876218281768
0.4777539560659532
0.5728374320643894
0.33784930640845345
0.2777775218413483
0.6773431136484133
0.8072304103033883
0.06246061785351814
0.13900640781141912
0.8315587533084429
0.8487721013388899
0.6828298024561599
0.4788281429202223
-0.8386519710296836
-0.7576087795208298
-1.0836035397137938
-0.7870858618470146
-0.302364197603451
0.4744246918447484
0.5520975616151753
0.5291836104116857
0.12014189452334942
0.3791342013624799
0.14407270962972854
0.5471027836695315
1.157475240293842
1.3331682771928794
0.3928180010203874
-0.0921640267423064
-1.0146047617349818
-0.9968344238541487
-0.6195679949945607
0.5897732084625706
0.7941211340232854
0.4113254497401711
-0.24666483721419083
-0.9076597080205895
-0.9726811275507665
-1.8625873392296486
-0.8204064133858557
-0.9480510999715219
-0.32115750621998335
-1.3476301861294213
-0.5159615579379968
-0.6533164874963684
0.160846946609331
0.2621014847485098
-0.3217839396606834
-0.4647021433348488
-1.2964950678224865
-0.5276207508018891
0.28188142971722685
0.6176059092981061
0.9211534159614775
0.30660373931305374
0.5375468914881332
-0.09375037627008509
0.12151477352585996
-0.3394931884324267
-0.2871153921171916
0.4059038879055449
0.7204152495455237
1.2540308492610786
0.5940567906143547
0.18848747080699166
-0.7843462090250845
-1.028540763093941
-1.2873531662555315
0.14178975658702309
0.17694392824570945
0.7030029496303513
0.1983834052755357
0.5322858984697605
0.44414209098929835
0.8411186814653308
0.08323532729169153
0.08317745033936744
0.03223990402218746
-0.8817719058072628
-1.6946492038457537
-1.9624277828616097
-0.8492239265427033
-0.7592636601398417
-1.0985781667293693
-0.6899993444709813
-0.9554703684869796
-0.20619515246139725
-0.34434178647330105
0.048909903308613376
0.422240946798792
0.4757293488070933
0.8887198024788916
1.056786552640495
1.541263358883651
1.4362435152988247
0.8343644772344995
0.9474208076967499
0.13107818649427966
-0.6493004047624673
-0.8591049169861128
-0.4915757025740084
0.12173649640131866
-0.718027894931194
-0.42094328597667047
0.3610958743444437
1.2134096559892371
1.4646020657935523
0.34906655827409006
-0.6171757069652103
-0.9953713757146669
-0.17023951357916534
-0.2875906166640624
-0.8339249513460474
-0.6250403554543648
0.49670197424529866
0.6210159867815108
0.2377268045937221
-0.05479209582032746
0.23375080599892023
0.3393920577584529
-0.03494370246665637
0.3769173643149405
0.7954217923978892
0.32617256032800823
0.7273917851691467
-0.05665664995211578
0.4863331348058543
0.3717160413618462
0.29073870044330585
0.6696694960398886
1.7664215686063338
1.5782337112783398
0.9292165200123187
-0.3981219601623318
0.12137348394564779
0.34916243712816175
0.8548984904273873
0.16524621701109699
-0.13713887049341825
-0.20161446175016526
1.0326285520632963
0.3865303812461992
0.9589888302507404
-0.7774469398804447
-0.4832049318456979
-0.863099071068412
-0.40419786455266593
-0.26519253056720693
-0.5935370504274159
-0.42948545360126905
0.36513828928062975
-0.3248513326558796
-0.2830301444300328
-0.06427116663450966
0.9603482861731748
1.255759129487431
1.4675329733149085
1.1669665728580574
1.8357641598558763
0.5960345497066082
-0.19927640151513837
-0.510256890461873
-1.1715791423434938
-0.10170322120739206
0.5360681390498603
2.0277968257812975
0.9779557468563862
0.5559918631740207
-0.36307734541977665
0.036522348393688064
0.04854374043637731
-0.6973828188851143
-0.7134753579824441
0.16052157747232254
1.2390792849876164
0.6187345185939435
-0.4010853407981224
-0.8319140739251318