-1.5385526681103507
-3.5925027708982293
-6.659171114976506
-8.904764548148169
-10.665135408979154
-9.393670190493744
-9.477605541108233
-6.621387121950601
-3.287827743726046
-1.87678066448253
0.5919527518411769
3.232607918806644
3.096593849640565
-0.6800101338527154
-4.155727540980331
-8.417347460490813
-10.554175976657385
-13.570226369398348
-16.798914241025862
-17.992853266212116
-19.119130332127725
-19.64248883960507
-19.443056690905205
-15.916722863933472
-14.237155088265883
-8.853838333781917
-3.1130132292007486
-0.6928810926121662
-1.8661694977764276
-2.745556663074768
-6.213989799662918
-8.084549470287499
-10.043295259530609
-11.340112960094244
-11.749979819559496
-10.196684388209166
-9.363542648062545
-9.047427767663756
-4.759500369327483
-4.971610301806115
-1.1585520079571916
2.3071516685171978
3.446932761128167
1.2916234506307083
-0.4410542211341446
-4.459929981903091
-6.656892621535306
-8.834423817285728
-9.635467115289737
-9.888703809773986
-7.837379124014885
-8.014422734275835
-6.40833940470565
-2.2597099495036908
-1.5620960963928727
2.12540706045296
7.056348495960237
9.518152935902842
9.771968578766565
9.14901969989979
7.031360259786081
5.794317407872997
4.77525420159567
4.9389882293800635
4.687832586075438
7.840696863614143
7.015386978895169
10.359996710145428
13.355024485775123
14.411247049730504
16.134772216602165
20.11588584156977
21.15329826047476
22.971947023006027
21.50227664163012
20.811672689378806
19.673754906297667
20.71655077936571
21.148590102583793
20.913791180971906
24.429099612985972
24.21145616978654
29.356072324785295
33.498291983118584
35.864085979595245
38.703186165252376
42.80231228271212
45.700892735869644
47.716795346815296
47.87716836942444
48.994848504901185
48.78746994904456
51.085062401428765
53.33299573839828
54.46453166723891
58.86058973700018
58.75945698858081
61.435070171135074
64.52526582606458
62.92765426615456
63.68961451887313
66.69498714118772
68.57323014865732
71.91502514775716
72.09398351168774
72.85585522296688
72.59411261025303
72.97178555732374
74.66829538803077
73.01075710907574
77.06547389508626
76.14739149323798
77.8873479634452
80.27504457102464
80.62556721876575
81.83562119583323
87.12769309406357
89.04428217123578
91.97618969859981
93.08499325371719
92.94166578343301
92.51117215703454
90.36586505244783
91.07679434769453
89.80875715511216
92.60923836352801
91.31415673827401
90.43560097025902
90.60057748782508
87.64280035842881
87.29457437711783
89.9340613814968
90.7711387176506
92.12750651913738
93.16069195738926
94.20855233004367
95.32976372156176
96.21195526610396
98.95841895099188
100.3580991429768
103.64786352652224
103.65604092266815
103.59173825635456
104.63379071315082
102.89948650123843
102.04134250676431
105.19617202365454
106.70237727190589
108.0547969833013
108.87425567136341
110.35328385101984
110.06373020962832
110.33110575094817
112.98255393591405
112.99590595315479
114.43832879298003
113.29035792328979
110.87241106504614
109.87752115159437
105.55433857738382
103.7334714952231
106.35259561043783
106.25435456396248
109.65059401972188
110.53980655516567
113.27394424283224
113.25306435107073
112.43370631437014
115.6159787229723
114.61176239916966
116.20510366946813
114.53682807864429
113.29253963435143
111.39092864057876
107.46017357745258
103.94678571824065
104.84148895011538
104.32624410747239
106.96395923228538
108.19368590587649
110.65010403614973
109.08348748864789
108.39505207125943
109.07040147825691
107.20094717340304
107.85328733885333
104.65254663621272
103.14004602419554
100.23851718506461
97.77060013122501
93.80136619760101
95.42660657564106
95.5163235136845
99.25277333921571
100.71534486235014
104.62865347225203
102.24049373092555
101.03217645965057
102.86978664775847
100.73727261252745
102.81784957333767
101.00965515239436
101.04312096650996
99.658450798094
96.59827207181884
93.30534221778233
95.02937518476955
95.74650992624858
98.29450703149737
98.58754189227693
102.71566186793481
99.97765262789305
98.49854469337023
100.88486906935879
99.03940421154067
101.47813932482092
100.17781056693732
102.2806264392083
103.85238641325569
101.65060612856355
99.46844092545805
100.53857401015918
99.65566083596252
102.23272113486246
101.13364219880258
104.74040260534063
101.01160281502564
98.35117954126362
99.10068696476826
97.18821597958818
100.11410372425803
98.38743554275683
100.93162858671802
102.85745835751794
99.97889926765406
96.92284743095452
96.14774106000614
93.85511514649723
95.96070806909333
95.42144035374058
98.58702513740329
95.76513037433571
92.8094998366248
92.68257712107435
89.3940905727625
91.14724876688028
87.99739762406321
91.0529668801557
92.14084307794549
88.97080668117512
85.89541780963047
83.25277712599326
80.85212790617214
83.13182217714268
81.8301407388391
84.69478702937027
82.01693261307578
79.71196604121272
78.81693403178967
76.433138166696
78.98577083810154
74.40895024200856
78.74148881316674
78.75356479813564
75.80849461727196
72.79867307066917
71.04443868400614
70.11207579697945
73.28154198754936
72.62141114828427
76.85393860718133
73.8738870263187
72.63631587807755
72.54932392737659
70.68048752797864
74.57142778077403
72.64309617313397
78.17986019055002
79.50503046290217
77.80656424577084
74.52843265817192
72.4850331436291
70.01369034203884
72.12139116337879
71.13170864260233
73.71065246994986
69.9020943353523
67.4882675107802
68.03103271388387
67.43772683675941
71.78195073558626
71.54003382588569
75.92935093897222
77.00201476848757
77.0109579672396
73.83715642931739
73.79442122964143
72.88664787545422
74.7727932194137
75.15302675587155
76.68293352546026
73.67637540388587
70.65545673635114
71.28855599938821
70.03728591579656
74.37668421728475
73.83719010282468
77.3369285556503
77.81866057904539
76.97433866919592
73.24980275333787
71.5653891270203
69.68604707800141
70.87683300997259
71.36449009310964
74.16473969631794
71.93664799633497
70.87916277952978
71.95936770067769
69.10248935791867
74.79207960625439
73.95746243620776
77.11150221862437
77.45922980030556
75.560742423497
70.44428151038397
68.35224498346749
64.77976704673634
62.19982364292153
61.386282149840405
63.982676813508675
62.10857146455812
62.05283390980841
64.24055470910184
63.97250229888009
68.95844285561826
70.69377386468335
74.39654229844405
73.47180772637086
72.52455658213647
68.29645668343389
65.01893920539023
61.81659727269141
59.28627282611352
58.07147495947187
60.55173939997233
58.466324542136874
58.10462714852639
58.72390617736443
57.16401596498533
60.00476022405851
58.731746728805405
59.05053278935957
56.19103643681954
54.3554338497913
52.38091161256466
49.66453458480071
49.170118716863065
48.125646550645634
49.017942599133974
52.08285985414691
51.15545488445852
51.909158793129535
55.103962731391405
54.84879154671489
59.18722257809614
59.45106299437984
60.9723724751447
60.795096474786504
59.04050505870357
58.09852819119419
56.81821139746075
56.38208677765579
55.83664008120646
57.25867761525077
62.832899408268354
62.461952790889264
66.42246436156667
71.1622384018544
70.67185994091172
75.77152300983727
75.27640419480224
75.2093182436432
76.36997315229962
74.92645418778478
75.1982981301814
74.8579847341559
76.70301909215078
76.13668530574348
76.79682243245948
81.14952519910585
80.69800951788578
82.25442086202243
85.64409332299857
85.65012555015618
91.6367412895288
92.19953230436646
93.66915152167468
95.14881927755997
93.87960585505171
93.40806953018972
94.12471938060254
95.56274461419665
96.24008532997264
97.97628206508392
104.26396835444116
104.39115244400831
106.77863424825766
110.01156345975541
111.2828754391639
116.14442115013001
118.02838700472468
120.25984166804584
121.85809526654067
120.63194282098917
119.58664939969489
119.68363184582151
120.03398429595134
119.55252648434784
120.43380554432
126.07023451885772
125.09603337939599
126.9515645240573
127.61061132002489
126.63527128942242
129.26043209498602
128.30082114847397
128.80064086795147
128.52129102358046
126.82570126994653
125.08661303317734
125.12585674133577
125.43615467021698
124.15128090753309
124.0187900461061
128.34854237433458
126.79984012041432
128.38040806975894
128.9769336884886
128.33930414609304
130.1860477022999
131.9012872742159
132.39014016738224
134.226617006753
134.65367597156478
133.6051382772073
134.76247674588248
136.31840970005317
135.71515880455732
135.44849003351368
138.96329239710693
136.06186003336862
134.7721148244735
134.7251217875822
132.07521731829883
133.61650277962488
135.0917427475413
136.68643725151452
140.2250360895798
142.6877796348091
144.16802178536634
148.83446966236838
151.3103489071017
154.1088461372679
153.13248575809718
155.47381149367106
151.9102961568382
148.83986577778583
149.33734445284276
146.701399812942
148.19394780648847
149.71404314113374
152.2541044466571
156.21274426004663
159.2298922829894
161.09395065508343
164.9364437990662
166.83170358469812
169.59731857277205
167.8059100869663
170.31970750462608
168.50714253070416
165.32280284890223
166.33258172184622
164.64202721585647
165.24142733350678
165.87410363790298
167.84545741251975
171.19076922760297
173.4820527970132
173.99037837224176
176.84287637379745
177.96979001070787
182.0684563698487
181.98052752299705
185.8208430195382
186.0007372093865
184.3595466405932
186.93843162330523
184.48686058759193
184.86024903288717
183.77404641882814
184.084866202493
188.1695259781854
188.27155130306411
189.4315665459376
192.29061658536423
193.83169747174486
198.7318826219165
198.3058967357131
200.84532313278498
200.80957978029625
199.15436097577182
201.59881091120528
199.73065061903083
198.58049331807516
197.23520442038296
196.13275278454347
198.66064896873704
197.48015745123578
199.46800428497
203.53865376837234
205.76352113019453
213.17939056616277
213.17473568740087
216.39220737641514
215.26860388073405
214.60309652394307
216.25689915631355
213.79647646691967
212.7551488938656
210.9269266070478
210.4709074792856
209.83394357684153
208.287449645702
208.40239631683386
210.59292896945217
211.80381649054758
217.48433716163794
215.2797529019039
217.39720256769007
215.08094988899364
212.61649844206988
212.41529460269535
208.50095637483074
206.8110589801701
204.79395545083594
204.19468494880866
202.50955122735235
200.51797366045537
200.03877670667322
201.7506831887609
201.77887041543065
206.3338338956845
203.17283878189622
204.57832886919005
200.8994713504857
199.7047202075624
198.24489963106242
194.13983163738033
192.06388140875228
190.48514815979857
191.25918174695445
188.72568463930514
187.63863234962673
186.523468203489
187.1079992542051
186.29606806450278
189.77301253610958
186.33711530530434
187.12455564629514
185.65610900569067
185.4575171946852
183.6230306522369
179.49916299850344
176.66647461046801
173.8958215736926
173.05444026424118
168.57024675171883
164.14735619358194
160.58137349455473
157.76510985863965
156.08948682792732
157.92185254276373
153.87399889177595
153.4261231389355
150.98717167672828
149.01222137519002
145.59512440034578
141.05563992847976
136.60505073841085
132.93273268851917
130.8843975381968
126.00092405218483
121.4360434438474
116.93367346487122
114.30705034243118
113.26284179518998
114.60002091215843
111.8658165795608
111.4637175472952
110.74256679023368
109.91542284936969
107.66676411823448
105.13971045086345
101.7048873408033
100.70764884820781
100.0464275332134
96.05571257703001
93.6871790341168
90.56750764304856
88.91829128665921
88.78623150549477
91.77423692092898
88.9130935007251
88.80955043086077
89.01387252713307
86.538341417535
83.39497993356446
80.60258745772522
74.64368915709946
72.49430105979025
70.66887163054211
65.95387424462395
63.29685328493334
59.45309198762736
58.090213667785676
57.20728738596527
62.31923490599149
58.39047974013943
59.37212212487966
58.811457761438824
56.298367788164555
53.18585541607524
50.789910338403395
44.79661006870488
41.99286241756854
40.359013348744895
35.24915562867038
32.77399719357547
29.643264833508045
29.011722424108783
28.505027226073473
33.26676174006909
30.657919858624258
30.242638126626016
31.105386282924446
30.942501025856203
28.70905852080638
29.247278925233577
23.866620125538358
21.829888368225035
20.565009921111447
16.46204149201499
15.37908483961029
14.531895342780698
15.439268808821987
17.780779921886683
20.71028599641444
18.434025819782047
17.534134414662276
18.269173298673966
18.047471993691108
15.450814997940553
16.721569215037277
11.41267924470004
11.731315136271535
11.39394777320942
9.48991888904365
10.80456790996517
9.509776846699642
10.340284367853226
11.157567207406355
10.136320472335672
5.659161706671699
3.238732141238021
2.496139112394809
2.5255067815517536
0.5185309240417659
2.057240515653541
-1.0199244447322466
1.432159490165183
4.11348847210576
5.5238429799659805
8.525498627582213
9.954705063000786
11.381062124347128
12.715521447861935
12.154157781950888
8.603221985831468
6.133344772804691
5.989087605584172
6.645195475034216
4.774511272895061
7.736103020533275
5.790868264937114
8.861541258657086
13.67431477284467
14.932628635762677
18.260271951435858
19.701601925412746
20.365307694519746
22.119819313320882
21.12231424875746
18.366954610766623
18.910126465811384
19.244295683283553
20.286350583152377
17.23880332226422
19.57068582282869
16.33995914231032
17.280495545028195
19.016606861001193
17.983396797853427
18.432569524869482
17.78282549644704
17.780175206203822
17.84307274828658
15.188731798135857
12.302604409870234
11.14404743489773
10.977232395457682
11.043966402582454
8.666785830458362
11.822322622782597
7.95216426115678
8.52829048173332
9.811804979446366
8.79731999501161
9.156005188483308
9.895603683862277
10.78974306145484
10.669014876985308
7.344676597108629
3.3578545544492187
-0.3000869080129962
-3.765711387037148
-5.146734008966836
-8.172062477752938
-5.640960226071099
-7.489837166689018
-7.084403803988486
-4.60508605832128
-5.011538045436347
-3.402186657195468
-2.3887184554314387
-2.2562407910448563
-2.2937895954576506
-7.019062266493317
-12.193368312004061
-17.88566200129378
-22.624928366371027
-27.259880284311983
-31.92726907613868
-31.960714073400677
-34.10073100359188
-35.07678572125004
-32.704894955101146
-33.67934425531657
-32.22189861576045
-31.471418858038774
-32.36698785218934
-29.976084175091422
-35.004441402892425
-39.01876200479292
-44.057520407921444
-49.1757879254548
-55.009141726025355
-58.466570168067854
-57.505139036918024
-58.8426947858924
-57.33148976403971
-52.873100523233795
-51.87158723074241
-51.04816175152868
-49.798808435988164
-49.96380747500943
-46.95416002631675
-50.544903838958696
-54.80779537741367
-58.63891582081674
-64.04705193850506
-69.8286428264733
-72.66739422534535
-71.54095954514445
-71.06733554106438
-69.53472969888361
-64.5932500280313
-62.93127574569303
-63.39247395703163
-61.137567228381684
-60.71304452584331
-58.10181986400463
-59.72137265298444
-63.357835427480495
-65.95652302379571
-68.56067461304428
-73.89747298842985
-74.44282103736411
-73.82806855819265
-73.58607019881637
-72.06851475028236
-68.63514144370347
-68.50833386483606
-71.21826272542721
-70.31196820352434
-72.21186654885814
-71.36741713920694
-73.31289737829569
-77.01027279991513
-79.07929612446374
-81.29915097030303
-86.61958984273068
-87.17478697085336
-86.33773603054806
-87.80284413695146
-86.89281935465581
-83.609894428379
-83.75047586570757
-86.37876872126047
-84.47508867343045
-88.05359141000879
-87.17677146559605
-90.22685203573948
-93.47033810484999
-97.06181643106311
-99.78984669507992
-105.93604612675212
-107.8743929176914
-108.5649823284325
-111.31728434617501
-111.53324166450017
-108.82533740537751
-107.9809042737674
-110.67721746654757
-108.85182632020837
-112.29180305411133
-111.92867608188345
-115.4825975960094
-118.0298677064788
-120.28242517544851
-121.65244621479232
-126.55313876970892
-127.46883092989111
-128.08806764324282
-129.6633862772997
-131.44724397626374
-129.5656364520405
-128.7114776040595
-132.01553083361082
-128.93523970641616
-131.54844650012535
-129.04691324060678
-131.52032564467922
-133.247538453388
-134.06284511215722
-136.0977443941626
-141.39668088809532
-142.1703044790687
-142.9409152119955
-143.01802364065887
-144.40662994653457
-141.25609066625515
-141.24771321691372
-143.5113922828886
-141.72180121187367
-143.44854877851526
-141.77346515324112
-144.88199435253884
-146.0622216915592
-146.39483034403432
-149.56522385134974
-154.62901877187767
-155.649816599632
-157.12566706024108
-155.7778838707816
-158.23307346767533
-155.70884646452876
-156.55261813963577
-160.10522037613907
-159.2238360048464
-160.31841759388158
-157.67400943865604
-158.42065181727315
-157.5483127867651
-157.22590715109138
-160.08121374232888
-163.3695255662042
-163.6703658021245
-163.92842748016744
-162.83748099634388
-164.2288395192393
-162.4711840239961
-162.1657745591831
-163.0271856533423
-161.75319338304948
-162.49415564380487
-160.01184213250644
-160.75289218344855
-160.51284648444738
-160.9954583733374
-163.96557891724902
-167.03928717003507
-167.77329747700648
-167.7931821950977
-164.42087496173409
-164.38969934947966
-161.10824511428095
-159.37531289390316
-158.7250295813015
-157.19275136687048
-157.24618875759032
-154.73254144780472
-154.40674627810608
-153.74364176524168
-153.89365330246898
-156.98651104155257
-159.51934528037214
-160.797418675439
-161.21525244341143
-158.42669530032876
-159.6123813363713
-157.48357257170116
-154.33118642795395
-153.64342041156752
-150.2140094924705
-147.92480728431667
-144.95355749204973
-142.39247038182586
-140.56685542781122
-139.86586986832717
-141.63833240081198
-143.91612356671206
-144.84260728151685
-144.99185868707846
-142.28603373090326
-143.03394726285404
-142.17872739092186
-140.3049178880732
-140.19580374211958
-137.11083975942756
-134.19111595438451
-130.61460306616712
-127.3324582530029
-122.178466956192
-119.36966217982965
-118.50289020057954
-120.27700172476824
-120.73245435242208
-121.49941090260424
-118.59497930766761
-118.40899838870949
-118.1945108395079
-116.1856753392881
-116.77169950619943
-112.97209829122002
-108.34721511772773
-103.92221324936149
-98.91726448946292
-93.62353199551531
-90.83722156426593
-88.14551553672689
-91.01835817027306
-90.09280749156098
-90.80063399254354
-87.69237387323203
-87.79772908671106
-87.55506875563086
-85.03744430610823
-84.58000591692365
-80.03406936980201
-76.01701940820399
-71.24278541406156
-66.80874648901933
-61.66883484543522
-59.63703091766909
-57.85120539529444
-61.248699240466635
-60.57768615255831
-61.529149044459096
-58.791487582915806
-58.13823461389297
-56.93521512892104
-52.92380074260588
-52.11944644326676
-48.03466905204003
-43.98839831207633
-41.16511159919301
-38.817310728660615
-33.38005185572498
-33.24082685116808
-31.225936882350908
-36.16407327947946
-35.133799214316845
-36.56315062808227
-34.337873294926254
-34.49448820330763
-33.9028104473856
-29.82482618045133
-27.41072655678203
-23.042859084174548